0.	1.2774703918204153	0.11102659212589343	0.014538622859871645	0.009256383539675722
0.006050000000000001	1.2969006541242951	0.11489246525888834	0.016520658331299894	0.009584203483485345
0.012100000000000001	1.3170374005182686	0.11901350362623067	0.018572436291936233	0.009934057733708155
0.018150000000000003	1.3379349897797654	0.1234201557225453	0.020698806371942713	0.01030862118964953
0.024200000000000003	1.3596562769130194	0.12814901718036142	0.022905346957237224	0.010711113348604306
0.030250000000000003	1.3822750348447106	0.13324479603205663	0.025198573735379277	0.011145472660862174
0.036300000000000006	1.405879489045427	0.13876322007332026	0.02758624505464882	0.011616613487704543
0.042350000000000006	1.4305777286954102	0.14477554045250643	0.030077830916327073	0.012130822805428558
0.048400000000000006	1.4565065156466845	0.1513759345116071	0.03268535434043545	0.012696445899398903
0.054450000000000005	1.4838468572927097	0.1586946866994965	0.03542446583706365	0.013324897441289342
0.060500000000000005	1.5128549709150694	0.1669245040716358	0.03831755602970882	0.014033130539059857
0.06655000000000001	1.5439365610362021	0.17638369400727813	0.04139998015050611	0.014848884039852477
0.07260000000000001	1.5779002725213434	0.18773143950808358	0.04474208344200765	0.01582863066124872
0.07865000000000001	1.6161443206905526	0.20500668534053537	0.04847771016483517	0.017316127396393616
0.08470000000000001	1.6502193269055756	0.23003320549343698	0.05188768737846934	0.019519849280860466
0.09075000000000001	1.6794624742220718	0.2567264048659829	0.05484532761196338	0.0219224715731807
0.09680000000000001	1.7056885771576107	0.2835205984060652	0.05748327325273199	0.024343074237063948
0.10285000000000001	1.7299319281014116	0.31001926623568793	0.05989778619107835	0.026713789704591616
0.10890000000000001	1.752871650884699	0.336142934290255	0.062163086960395464	0.029008203514529735
0.11495000000000001	1.7749627520108777	0.3619348891696869	0.06433468567328883	0.031220102180684495
0.12100000000000001	1.7965155007338205	0.38748184727330964	0.06645354428291592	0.03335263180250519
0.12705000000000002	1.8177465844153122	0.4128799743589203	0.06855046611492498	0.035413029469733834
0.13310000000000002	1.838813580424234	0.4382245412384034	0.07064903639603526	0.03741011888900617
0.13915000000000002	1.8598330620800099	0.4636046338440838	0.07276762946828966	0.03935306568977611
0.14520000000000002	1.8808945925106921	0.48910245468849906	0.07492106588618033	0.04125081960903076
0.15125000000000002	1.9020688333046585	0.5147944592324981	0.07712159063771389	0.04311197537373587
0.15730000000000002	1.9234126999731562	0.5407522325681244	0.07937959830442838	0.04494470554973535
0.16335000000000002	1.9449735816025537	0.5670436990457592	0.08170411359770391	0.04675676325120937
0.16940000000000002	1.966790966909162	0.5937338057826993	0.08410320636626736	0.048555596257876636
0.17545000000000002	1.9888991791427202	0.6208858793103414	0.08658424216225782	0.0503483497408989
0.18150000000000002	2.0113280841706103	0.6485621847070042	0.08915409570257524	0.052141984711984134
0.18755000000000002	2.0341039303113533	0.6768246359236091	0.09181929668581035	0.053943351918172414
0.19360000000000002	2.057250376143561	0.7057358214718965	0.0945861386103478	0.05575926342656328
0.19965000000000002	2.0807879961748728	0.7353587495509868	0.09746076449550851	0.05759657378844251
0.20570000000000002	2.104735298461762	0.7657580173596616	0.1004492111382361	0.05946222869119962
0.21175000000000002	2.1291085724932373	0.7969997929437915	0.10355746867700885	0.06136332392893333
0.21780000000000002	2.153922039538536	0.8291522286859755	0.1067915112054694	0.06330715726316773
0.22385000000000002	2.179187922900883	0.8622857062758352	0.11015732176167897	0.06530126865219357
0.22990000000000002	2.204916647824355	0.8964731006654174	0.11366093358754843	0.06735347116953594
0.23595000000000002	2.2311167970328576	0.9317901327300381	0.11730844877395737	0.0694719021534326
0.24200000000000002	2.257795405416371	0.9683155411444082	0.12110608489943267	0.07166503386770444
0.24805000000000002	2.2849582710515115	1.006131673774734	0.12506025203483861	0.07394172088029123
0.25410000000000005	2.312610131015296	1.0453255794290328	0.12917767331097374	0.07631132213837838
0.26015000000000005	2.340753867474135	1.0859900195016825	0.13346531226705838	0.07878382704735415
0.26620000000000005	2.3693897811391222	1.1282239152329574	0.13793038931781	0.08137004413350699
0.27225000000000005	2.398515051526493	1.172132453389	0.1425803788256108	0.08408159000643813
0.27830000000000005	2.4281234955092295	1.2178276078697579	0.14742292013533012	0.08693100389990412
0.28435000000000005	2.4582050580400563	1.2654287426946023	0.152465873510211	0.08993184295685971
0.29040000000000005	2.4887451685013846	1.315063210730694	0.15771729021516223	0.09309879586651966
0.29645000000000005	2.5197242441522905	1.366866958140771	0.1631854057906403	0.09644780055982433
0.30250000000000005	2.551116655875205	1.4209854486278881	0.16887860797351534	0.09999620729553668
0.30855000000000005	2.5828897959459534	1.4775742059001633	0.1748053844044526	0.10376292085832217
0.31460000000000005	2.6150030093698504	1.536799609591718	0.18097429295013678	0.10776856417271483
0.32065000000000005	2.6474062553666573	1.5988397057052202	0.1873937966077813	0.1120356896065476
0.32670000000000005	2.6800386394921176	1.6638849002109095	0.19407235316301985	0.11658892530675695
0.33275000000000005	2.712826779925686	1.7321390050401402	0.20101814505804078	0.12145525768729715
0.33880000000000005	2.745682600174929	1.803819966711788	0.20823902633103009	0.1266642564916123
0.34485000000000005	2.778501066300353	1.8791606438168247	0.21574222274539578	0.13224835746517605
0.35090000000000005	2.8111574796049785	1.9584095789767277	0.22353434001662628	0.13824312379507941
0.35695000000000005	2.8435042834291835	2.041831594172745	0.23162088627855357	0.14468759065662157
0.36300000000000004	2.8753676960110326	2.1297083239168013	0.24000598144767665	0.15162458829025333
0.36905000000000004	2.9065433520614627	2.2223386540192402	0.2486920458233325	0.1591011163189046
0.37510000000000004	2.9367915960706434	2.3200386574427414	0.2576793582490054	0.16716871403492622
0.38115000000000004	2.9658320277111794	2.4231412258243044	0.2669652072277603	0.17588387797774946
0.38720000000000004	2.9933372377971477	2.531995182006051	0.2765434711934083	0.1853084475373068
0.39325000000000004	3.0189258528758574	2.6469635444959314	0.2864035895686843	0.19550999420881943
0.39930000000000004	3.0421545371829595	2.7684212027035926	0.29652976649376545	0.2065622090493497
0.40535000000000004	3.0625089685983733	2.8967510193377617	0.3068993498572783	0.2185452398257185
0.41140000000000004	3.079393942980274	3.032338585643256	0.3174819564541752	0.23154592635920246
0.41745000000000004	3.0921224372646883	3.1755649359639784	0.32823715784760754	0.24565793530574864
0.42350000000000004	3.099903842711306	3.326796709268396	0.3391131563138335	0.2609817000277801
0.42955000000000004	3.101831596355897	3.486373498888474	0.35004381679748875	0.2776240891386395
0.43560000000000004	3.0968702686841887	3.654591265242158	0.36094672742006734	0.2956977766904049
0.44165000000000004	3.083843011881579	3.8316812410017924	0.37171970788609354	0.3153199656124297
0.44770000000000004	3.0614200349213903	4.017783505898781	0.38223789351617765	0.3366111066766106
0.45375000000000004	3.028109291677593	4.212914269215655	0.39234971146151	0.3596912179326714
0.45980000000000004	2.9822511441655912	4.416926305779037	0.40187392966726393	0.38467768571061123
0.46585000000000004	2.9220188685197632	4.629461759149034	0.41059527156489994	0.41167928012962784
0.47190000000000004	2.845428159724636	4.849897186044286	0.4182613436008711	0.44079044148993013
0.47795000000000004	2.750358916940693	5.077281468338123	0.42457988808800684	0.47208264703209024
0.48400000000000004	2.634593490980105	5.310268109731527	0.4292173097026104	0.5055953041466096
0.49005000000000004	2.495875685454817	5.547045470579123	0.43179887985054327	0.541322841803205
0.49610000000000004	2.331994778133141	5.78526926592783	0.4319124954840018	0.5792025174003947
0.5021500000000001	2.1409002409978735	6.022006165790433	0.4291151470934911	0.6190983945614476
0.5082000000000001	1.9208373095233928	6.25369476348982	0.42294491841906184	0.6607868456388313
0.5142500000000001	1.6705357189516454	6.476147430086362	0.41293827552777795	0.7039423997002782
0.5203000000000001	1.3893909752204485	6.684592112641223	0.39865343442683593	0.7481268173874925
0.5263500000000001	1.0776649871202966	6.873773153781394	0.3796995522643923	0.7927835947128953
0.5324000000000001	0.7366990137271388	7.038141109395387	0.3557705124938834	0.8372406877698475
0.5384500000000001	0.36905017002796026	7.172094156883257	0.3266807800273258	0.880723919425471
0.5445000000000001	-0.021417389758880745	7.270296859463658	0.29239960523421077	0.9223825808822977
0.5505500000000001	-0.4185759120879604	7.318980512309967	0.2534834053017732	0.9595358399371383
0.5566000000000001	-0.8108767227305487	7.31349024962734	0.2107443614111813	0.9907936782269373
0.5626500000000001	-1.1971941485175481	7.259317762382816	0.16473016993324557	1.0166262722225856
0.5687000000000001	-1.575070518034345	7.160723588154077	0.11602759090067843	1.0372725751667833
0.5747500000000001	-1.9420481598663266	7.021968264518806	0.06522338434619174	1.0529715403022306
0.5808000000000001	-2.295669402598879	6.847312329054686	0.012904310302497779	1.0639621208716274
0.5868500000000001	-2.63347657481739	6.641016319339398	-0.0403428711976912	1.070483270117674
0.5929000000000001	-2.9530120051072464	6.407340772950626	-0.09393140012166301	1.0727739412830708
0.5989500000000001	-3.251818022053835	6.150546227466052	-0.14727451643670547	1.0710730876105174
0.6050000000000001	-3.5274369542425426	5.874893220463356	-0.19978546011010656	1.065619662342714
0.6110500000000001	-3.777411130258757	5.5846422895202235	-0.25087747110915387	1.056652618722361
0.6171000000000001	-3.9992828786878647	5.284053972214335	-0.29996378940113533	1.0444109099921584
0.6231500000000001	-4.190594528115253	4.977388806123374	-0.3464576549533388	1.0291334893948063
0.6292000000000001	-4.348888407126308	4.668907328825021	-0.38977230773305205	1.0110593101730048
0.6352500000000001	-4.471706844306418	4.362870077896962	-0.4293209877075629	0.9904273255694538
0.6413000000000001	-4.556592168240969	4.063537590916876	-0.4645169348441591	0.9674764888268538
0.6473500000000001	-4.59956815950735	3.775318416232234	-0.49460742589155265	0.9423399888150052
0.6534000000000001	-4.608718175679494	3.5012184798736765	-0.520175357393009	0.9159688562097199
0.6594500000000001	-4.599248425685287	3.241536969379659	-0.5427428565614587	0.8896066399674865
0.6655000000000001	-4.574048021617672	2.9968241708467813	-0.5625623060429547	0.8635383476399873
0.6715500000000001	-4.535747718134339	2.7672232872530413	-0.5798931257817925	0.8379882643461567
0.6776000000000001	-4.486703417627308	2.552564132448228	-0.5949907259875549	0.8131269888052232
0.6836500000000001	-4.428992401072993	2.3524527176616967	-0.6081004645293665	0.7890797043381733
0.6897000000000001	-4.36442217101261	2.1663291231382678	-0.6194529009691871	0.7659336254421237
0.6957500000000001	-4.294549347265655	1.9935244684776818	-0.6292625127366923	0.743745190446653
0.7018000000000001	-4.220700563244513	1.8333035310358916	-0.6377252589886214	0.722545435529249
0.7078500000000001	-4.143997255021551	1.6848979818680072	-0.6450186452016169	0.7023460678173659
0.7139000000000001	-4.065379159012515	1.5475316874823442	-0.6513027291888276	0.6831435953300956
0.7199500000000001	-3.9856278188952565	1.4204386677096075	-0.6567210403651889	0.6649230029295735
0.7260000000000001	-3.9053879942685237	1.3028763947797695	-0.6614008457274638	0.6476609671227965
0.7320500000000001	-3.8251871835462263	1.1941342529057024	-0.6654554226362897	0.6313281352198523
0.7381000000000001	-3.7454531759188363	1.0935392235940966	-0.6689853125230194	0.6158910815467483
0.7441500000000001	-3.6665292381241583	1.0004588319367815	-0.6720789299944747	0.6013140037935645
0.7502000000000001	-3.5886876221751516	0.9143024264215398	-0.6748146770090304	0.5875597284276947
0.7562500000000001	-3.5121409558829937	0.8345211412600018	-0.6772617224435894	0.5745907531633172
0.7623000000000001	-3.4370523129056805	0.7606068644849053	-0.6794812069037189	0.5623698604727068
0.7683500000000001	-3.36354303602383	0.6920906529204502	-0.6815272310042376	0.5508606896638418
0.7744000000000001	-3.2917009644101656	0.6285407996931376	-0.6834477860761318	0.5400280872429786
0.7804500000000001	-3.22158549018069	0.5695605409410358	-0.6852855755653048	0.5298383775354334
0.7865000000000001	-3.1532326390379617	0.5147857121776203	-0.687078747340947	0.5202595464338626
0.7925500000000001	-3.086660348506609	0.4638825011166412	-0.6888616263718722	0.5112613674906263
0.7986000000000001	-3.021870614296101	0.4165450255712351	-0.6906650363994595	0.5028153285707352
0.8046500000000001	-2.958853477161139	0.37249317733281284	-0.6925172779704072	0.49489503920271155
0.8107000000000001	-2.8975893465778575	0.33147051359609114	-0.694444275124016	0.48747583678689244
0.8167500000000001	-2.8380506244789725	0.2932422202046596	-0.6964700762490562	0.48053488966815033
0.8228000000000001	-2.780203770795513	0.2575933030910498	-0.698617369549495	0.47405135043291075
0.8288500000000001	-2.7240106052595126	0.2243268409192205	-0.7009077450351073	0.4680061418811668
0.8349000000000001	-2.6694295590082726	0.19326241161553614	-0.7033620556604676	0.4623819481520715
0.8409500000000001	-2.616416216457587	0.1642346262176635	-0.7060008673255254	0.4571633585689982
0.8470000000000001	-2.5649248747264313	0.13709178814119416	-0.708844658599901	0.4523366873940464
0.8530500000000001	-2.5149084538399054	0.11169467841573866	-0.7119142883269108	0.4478900772526927
0.8591000000000001	-2.466320509398745	0.08791619082818491	-0.7152312823398707	0.4438134422969693
0.8651500000000001	-2.4191104307257447	0.06563727836679445	-0.7188182350902766	0.4400986028256467
0.8712000000000001	-2.3732317072758704	0.044750560028485875	-0.7226992633014989	0.43673928327996997
0.8772500000000001	-2.3286367899112914	0.025156463287670405	-0.7269004144636885	0.433731273010969
0.8833000000000001	-2.285278532444934	0.006763197205283511	-0.7314503350314939	0.4310725761149803
0.8893500000000001	-2.243110633934959	-0.010513971884361317	-0.7363808679703187	0.4287635421292057
0.8954000000000001	-2.202087051342806	-0.026753317921054842	-0.7417279194351254	0.42680725490075566
0.9014500000000001	-2.1621626799965608	-0.042027326799897624	-0.7475323898592918	0.42520978021714634
0.9075000000000001	-2.1232929224234374	-0.05640318246538467	-0.7538415446344782	0.42398078018489704
0.9135500000000001	-2.085433725901791	-0.0699433172221906	-0.7607106359939498	0.42313413586123566
0.9196000000000001	-2.0485414203887093	-0.08270586978258165	-0.7682050941285856	0.4226888588031264
0.9256500000000001	-2.012572456759314	-0.09474517814953576	-0.7764034885648241	0.4226704230366558
0.9317000000000001	-1.9774831400626627	-0.10611221494800172	-0.7854016294376851	0.42311248648707067
0.9377500000000001	-1.9432290917509765	-0.11685504269251601	-0.7953183114570311	0.4240595101983534
0.9438000000000001	-1.9097646593934612	-0.12701934204332643	-0.8063038423632629	0.4255705346421971
0.9498500000000001	-1.877041848127798	-0.13664886209417604	-0.8185527530276517	0.42772492664345374
0.9559000000000001	-1.8450089098576241	-0.1457861487019968	-0.8323240208764419	0.43063164998327635
0.9619500000000001	-1.8136075335499566	-0.15447345751503772	-0.8479746599632219	0.43444457844856627
0.9680000000000001	-1.7827686481417415	-0.16275371201365296	-0.8660193540457167	0.43938995644753187
0.9740500000000001	-1.752404184595708	-0.17067228609504304	-0.8872461807916419	0.4458198966532373
0.9801000000000001	-1.7223869875813926	-0.17828994513695162	-0.9129719289496068	0.45433112880903276
0.9861500000000001	-1.692479344167781	-0.18558728329480745	-0.9457680922592183	0.46597272334090994
0.9922000000000001	-1.6624442845363476	-0.1926291399859409	-0.9912406485975602	0.4833087599836
0.9982500000000001	-1.630894834629683	-0.19927282957877335	-1.0747126103141236	0.5182600479218976
1.0043000000000002	-1.5990370691176619	-0.20177031963400405	-1.2130241778862019	0.39393799287399467
1.01035	-1.5696288263767195	-0.2018895381475918	-1.2186783963997703	0.2991858179438372
1.0164000000000002	-1.5425273451486352	-0.20147630584364318	-1.214216506811626	0.23070066926863803
1.02245	-1.5170431105443727	-0.20087370036952967	-1.2054507863692998	0.17510326977834512
1.0285000000000002	-1.4928509830147532	-0.20017574413244	-1.1943208478410592	0.12774857372265092
1.03455	-1.4697543024686945	-0.19942251249651366	-1.1817525053245168	0.08632511189062964
1.0406000000000002	-1.4476178704167992	-0.19863492074387035	-1.1682682055181737	0.04946746394106155
1.04665	-1.4263411331089406	-0.19782528360012985	-1.1541933680493655	0.016281247734296178
1.0527000000000002	-1.4058468807772226	-0.19700080660160135	-1.1397442461701406	-0.013861520926732651
1.05875	-1.3860675605916937	-0.19616815790349096	-1.12507117994775	-0.04142439017465421
1.0648000000000002	-1.3669512937263146	-0.19533035458077536	-1.1102821460948231	-0.06676266160542099
1.07085	-1.348452210169947	-0.194490118613327	-1.0954565734841573	-0.09015677413654355
1.0769000000000002	-1.3305304629180827	-0.19364948081998185	-1.0806539280816088	-0.11183332774511484
1.08295	-1.3131509767785268	-0.19280998642622543	-1.0659192973461447	-0.13197895452275976
1.0890000000000002	-1.2962825430296916	-0.19197282944666838	-1.0512871605842737	-0.15074982635338896
1.09505	-1.279897145085756	-0.19113894362946254	-1.0367840142578975	-0.16827838259889488
1.1011000000000002	-1.2639694437195605	-0.19030906583628332	-1.0224302479939644	-0.18467822085302582
1.10715	-1.248476375701009	-0.18948378133853133	-1.008241515038522	-0.20004773563953254
1.1132000000000002	-1.2333968350806364	-0.18866355690418263	-0.9942297525329388	-0.2144728805519635
1.11925	-1.2187114160192627	-0.18784876543272583	-0.9804039536477833	-0.22802930223098022
1.1253000000000002	-1.2044022023378553	-0.18703970460918784	-0.9667707603393145	-0.24078401485097262
1.13135	-1.1904525931419787	-0.1862366112424913	-0.9533349241401291	-0.25279673232505184
1.1374000000000002	-1.176847156727764	-0.18543967243507353	-0.940099668340046	-0.2641209413642942
1.14345	-1.1635715069649122	-0.18464903438919045	-0.9270669754514353	-0.27480477545159504
1.1495000000000002	-1.1506121977652097	-0.18386480942554084	-0.9142378173542669	-0.28489173384315614
1.15555	-1.1379566322666634	-0.1830870816321789	-0.901612340970817	-0.29442127848605276
1.1616000000000002	-1.1255929841136498	-0.18231591145160359	-0.8891900190884512	-0.30342933370789354
1.16765	-1.1135101287725082	-0.18155133943587048	-0.8769697736169753	-0.31194870769891575
1.1737000000000002	-1.1016975832440852	-0.1807933893433601	-0.8649500768612937	-0.32000945050822355
1.17975	-1.0901454528572485	-0.18004207070987893	-0.8531290351267156	-0.3276391600688971
1.1858000000000002	-1.078844384076664	-0.1792973809965006	-0.8415044580277988	-0.33486324534607526
1.19185	-1.0677855224527169	-0.1785593073939532	-0.8300739161549802	-0.34170515385501804
1.1979000000000002	-1.05696047499493	-0.17782782834631844	-0.818834789205424	-0.3481865693726198
1.20395	-1.04636127637229	-0.17710291484379026	-0.807784306261845	-0.35432758455829627
1.2100000000000002	-1.0359803584417975	-0.17638453152424238	-0.7969195795742541	-0.36014685233105903